   4.6216000e+01   7.1946167e+01
   2.5063111e+01   4.0533333e+01
   2.4994222e+01   4.4994667e+01
   2.4877778e+01   4.9334500e+01
   2.5282444e+01   5.3676500e+01
   2.5493778e+01   5.8114167e+01
   2.7799111e+01   6.1741167e+01
   3.0666667e+01   6.5374000e+01
   3.4820000e+01   6.8352833e+01
   3.9709556e+01   7.0883333e+01
   7.5980667e+01   4.0581333e+01
   7.6366000e+01   4.5154667e+01
   7.6837333e+01   5.0159667e+01
   7.6229111e+01   5.5205500e+01
   7.3826000e+01   5.9847333e+01
   7.0098222e+01   6.3975000e+01
   6.5753333e+01   6.6968500e+01
   5.9383556e+01   6.9773000e+01
   5.3377111e+01   7.1399500e+01
   3.5531778e+01   4.0837167e+01
   3.5385778e+01   3.9902833e+01
   3.0099111e+01   4.0491000e+01
   3.2865778e+01   4.0756500e+01
   3.8072222e+01   4.0623667e+01
   3.5514667e+01   3.9723500e+01
   4.0640000e+01   4.0411333e+01
   3.5155333e+01   3.8809167e+01
   3.2799778e+01   3.9275333e+01
   3.7889556e+01   3.9115500e+01
   2.6333333e+01   3.8539000e+01
   2.8736444e+01   3.7490667e+01
   3.2229778e+01   3.6448333e+01
   3.5932000e+01   3.6394000e+01
   3.9608889e+01   3.6172000e+01
   2.7500889e+01   3.5466667e+01
   3.1575556e+01   3.4309500e+01
   3.5898000e+01   3.4122667e+01
   3.5434889e+01   5.7590833e+01
   4.6080222e+01   6.1319000e+01
   4.0601556e+01   5.9020667e+01
   3.8323111e+01   5.9416500e+01
   4.1878000e+01   6.0803667e+01
   5.3357333e+01   5.9021000e+01
   5.5779333e+01   5.9357500e+01
   5.0939778e+01   6.0983000e+01
   4.6355333e+01   5.9625000e+01
   5.8884000e+01   5.7316667e+01
   4.5915333e+01   5.8218167e+01
   4.3371111e+01   5.6738000e+01
   3.9334667e+01   5.6984000e+01
   4.0682444e+01   5.7720500e+01
   4.7856667e+01   5.6720500e+01
   5.3454222e+01   5.6536833e+01
   5.2523556e+01   5.7624833e+01
   4.5671778e+01   5.6687000e+01
   4.2730889e+01   4.0355500e+01
   3.9910000e+01   4.7573167e+01
   4.0994222e+01   5.2748000e+01
   4.4971556e+01   5.3929667e+01
   4.9079333e+01   4.0372333e+01
   5.1369778e+01   4.7327833e+01
   4.9786444e+01   5.2697833e+01
   3.8139333e+01   5.0294333e+01
   5.3732889e+01   5.0575333e+01
   4.4142000e+01   5.1046833e+01
   5.8868222e+01   4.1097000e+01
   5.8794222e+01   4.0001667e+01
   5.3319111e+01   4.0386667e+01
   5.5819556e+01   4.0734167e+01
   6.1630000e+01   4.0841333e+01
   5.9284889e+01   3.9864000e+01
   6.4069556e+01   4.0505333e+01
   5.8870889e+01   3.8816333e+01
   5.6026444e+01   3.9167167e+01
   6.1550444e+01   3.9354333e+01
   5.1550667e+01   3.5574500e+01
   5.6272222e+01   3.5992000e+01
   6.0637556e+01   3.6312000e+01
   6.5541556e+01   3.7223167e+01
   6.9108222e+01   3.8414000e+01
   5.6561111e+01   3.3765500e+01
   6.1357556e+01   3.3959500e+01
   6.6683333e+01   3.5265167e+01
