   4.8741650e+01   5.8908000e+01
   3.1347850e+01   3.2182480e+01
   3.1065650e+01   3.5738280e+01
   3.0533850e+01   3.9188400e+01
   3.0557950e+01   4.3189600e+01
   3.0922500e+01   4.6757600e+01
   3.2578300e+01   5.0102800e+01
   3.5435550e+01   5.3292000e+01
   3.8865400e+01   5.5951600e+01
   4.3094700e+01   5.7852800e+01
   6.8595500e+01   3.4163640e+01
   6.7738000e+01   3.7834320e+01
   6.7507000e+01   4.1764400e+01
   6.6921500e+01   4.5411600e+01
   6.5787500e+01   4.9025200e+01
   6.4027500e+01   5.2046400e+01
   6.1458000e+01   5.4559600e+01
   5.7552000e+01   5.6906800e+01
   5.3354500e+01   5.8418400e+01
   4.1114750e+01   3.3437000e+01
   4.1264550e+01   3.2391200e+01
   3.7257900e+01   3.2427520e+01
   3.9131100e+01   3.3057440e+01
   4.3173000e+01   3.3296920e+01
   4.1459150e+01   3.2205920e+01
   4.5196500e+01   3.3060920e+01
   4.1507100e+01   3.1205800e+01
   3.9439600e+01   3.1578680e+01
   4.3221600e+01   3.1771400e+01
   3.4105750e+01   2.8778000e+01
   3.7029550e+01   2.8462640e+01
   4.0019100e+01   2.8661320e+01
   4.3147400e+01   2.8885960e+01
   4.5624700e+01   2.8716160e+01
   3.6869900e+01   2.6907720e+01
   4.0242450e+01   2.6858560e+01
   4.3299250e+01   2.7204240e+01
   3.9912900e+01   4.6167200e+01
   4.8132800e+01   5.0486400e+01
   4.4184450e+01   4.6988800e+01
   4.2005150e+01   4.8190400e+01
   4.4449950e+01   4.9821200e+01
   5.3276000e+01   4.6931200e+01
   5.5334000e+01   4.8400400e+01
   5.2107500e+01   5.0033200e+01
   4.8380600e+01   4.7542800e+01
   5.7743000e+01   4.6579200e+01
   4.8676650e+01   4.6254800e+01
   4.6555350e+01   4.3645600e+01
   4.2738100e+01   4.4793200e+01
   4.4939550e+01   4.6139200e+01
   5.1049000e+01   4.3660800e+01
   5.4705000e+01   4.4657600e+01
   5.3117500e+01   4.6311600e+01
   4.8862950e+01   4.3896800e+01
   4.7113350e+01   3.2768560e+01
   4.4975600e+01   3.6759240e+01
   4.6164950e+01   4.0753600e+01
   4.9263550e+01   4.0894800e+01
   5.2870500e+01   3.3262080e+01
   5.4031500e+01   3.7024360e+01
   5.2548500e+01   4.1022400e+01
   4.3259850e+01   3.9650360e+01
   5.5603500e+01   4.0202000e+01
   4.9802050e+01   3.7667360e+01
   5.8910000e+01   3.4342040e+01
   5.8859000e+01   3.3300280e+01
   5.4587000e+01   3.3436880e+01
   5.6599500e+01   3.3974440e+01
   6.0949500e+01   3.4155280e+01
   5.9114000e+01   3.3096800e+01
   6.2592500e+01   3.3667360e+01
   5.8929500e+01   3.2182240e+01
   5.6877500e+01   3.2464200e+01
   6.0887000e+01   3.2683520e+01
   5.4135500e+01   2.9465480e+01
   5.7508000e+01   2.9771840e+01
   6.0014000e+01   2.9888720e+01
   6.2925000e+01   3.0140760e+01
   6.4899500e+01   3.0946600e+01
   5.7103500e+01   2.7918240e+01
   6.0195500e+01   2.7912240e+01
   6.3442500e+01   2.9006120e+01
