   4.7230350e+01   7.0397600e+01
   2.7418950e+01   3.7316400e+01
   2.7189150e+01   4.1822400e+01
   2.7812450e+01   4.6240400e+01
   2.9020600e+01   5.1100800e+01
   3.0244550e+01   5.5170800e+01
   3.2519250e+01   5.9015600e+01
   3.5217800e+01   6.3007600e+01
   3.8064350e+01   6.6718000e+01
   4.2116500e+01   6.9453600e+01
   7.4336500e+01   3.7004960e+01
   7.3883000e+01   4.1616800e+01
   7.2970000e+01   4.6651200e+01
   7.2211500e+01   5.1234800e+01
   7.0103500e+01   5.6014000e+01
   6.6759500e+01   5.9938400e+01
   6.3934000e+01   6.3312000e+01
   5.9915500e+01   6.6989600e+01
   5.4750500e+01   6.9548000e+01
   3.7407050e+01   3.7969600e+01
   3.7465900e+01   3.6951640e+01
   3.3114400e+01   3.7009760e+01
   3.5105850e+01   3.7622600e+01
   3.9725650e+01   3.7974640e+01
   3.8109250e+01   3.6731320e+01
   4.2110750e+01   3.7761120e+01
   3.7562750e+01   3.5686000e+01
   3.5263800e+01   3.6000840e+01
   3.9730250e+01   3.6456160e+01
   3.0467950e+01   3.4020360e+01
   3.2915150e+01   3.3515240e+01
   3.6065400e+01   3.3165200e+01
   3.9679250e+01   3.3595800e+01
   4.2738150e+01   3.3368280e+01
   3.2360350e+01   3.1239840e+01
   3.5776450e+01   3.0617680e+01
   3.9720700e+01   3.1225160e+01
   3.6916100e+01   5.4042400e+01
   4.7038400e+01   6.1672000e+01
   4.1821700e+01   5.7139200e+01
   3.9036000e+01   5.7560000e+01
   4.2003200e+01   6.0561200e+01
   5.3211500e+01   5.6759600e+01
   5.6050500e+01   5.7426000e+01
   5.2053000e+01   6.0624800e+01
   4.6923250e+01   5.8534800e+01
   5.8583500e+01   5.3568400e+01
   4.6856900e+01   5.4519600e+01
   4.4165350e+01   5.2857600e+01
   4.0076300e+01   5.3193200e+01
   4.2164900e+01   5.4268000e+01
   4.9311500e+01   5.2691600e+01
   5.3879500e+01   5.2506400e+01
   5.2511000e+01   5.4132400e+01
   4.6462500e+01   5.2914000e+01
   4.4724800e+01   3.7531160e+01
   4.1649100e+01   4.3466000e+01
   4.2606300e+01   4.8717600e+01
   4.6442550e+01   4.9604800e+01
   5.0762500e+01   3.7487440e+01
   5.2214000e+01   4.3578800e+01
   5.0974500e+01   4.8517600e+01
   3.9148550e+01   4.6833200e+01
   5.4953000e+01   4.6791200e+01
   4.5853350e+01   4.6371200e+01
   5.9083000e+01   3.7855000e+01
   5.8879000e+01   3.6795280e+01
   5.4117500e+01   3.7439040e+01
   5.6266000e+01   3.7619680e+01
   6.1336000e+01   3.7379160e+01
   5.9224500e+01   3.6537160e+01
   6.3643500e+01   3.7014520e+01
   5.8756500e+01   3.5762040e+01
   5.6537500e+01   3.6140760e+01
   6.1294500e+01   3.6015080e+01
   5.2656500e+01   3.3108680e+01
   5.6502000e+01   3.3373840e+01
   6.0064000e+01   3.3114840e+01
   6.4001500e+01   3.3094200e+01
   6.7227500e+01   3.4082920e+01
   5.6207000e+01   3.1033320e+01
   6.0040000e+01   3.0672440e+01
   6.4480500e+01   3.1332200e+01
