   3.8920444e+01   7.7503667e+01
   1.5545156e+01   3.7948500e+01
   1.4794356e+01   4.3356667e+01
   1.4781067e+01   4.8652833e+01
   1.4813822e+01   5.3646833e+01
   1.5340867e+01   5.8966833e+01
   1.6722644e+01   6.4055167e+01
   1.9817978e+01   6.8816500e+01
   2.4362667e+01   7.2962167e+01
   3.0777556e+01   7.5949333e+01
   8.0579556e+01   3.9376000e+01
   7.9732444e+01   4.5224167e+01
   7.9745333e+01   5.2146833e+01
   7.8358667e+01   5.7936667e+01
   7.5639111e+01   6.3262167e+01
   7.0102444e+01   6.7962000e+01
   6.3712222e+01   7.1495000e+01
   5.6529111e+01   7.4180500e+01
   4.8988667e+01   7.6300500e+01
   2.8142000e+01   3.9696167e+01
   2.8165333e+01   3.8070000e+01
   2.2903556e+01   3.8060500e+01
   2.5009556e+01   3.9035833e+01
   3.0768667e+01   3.9292667e+01
   2.9954667e+01   3.7669167e+01
   3.3719111e+01   3.8902500e+01
   2.8432667e+01   3.6445500e+01
   2.5588667e+01   3.6623333e+01
   3.1050444e+01   3.7327000e+01
   1.9594556e+01   3.3275167e+01
   2.2998889e+01   3.2371667e+01
   2.6349778e+01   3.2203333e+01
   3.0680667e+01   3.3062000e+01
   3.3968000e+01   3.3425667e+01
   2.1569622e+01   3.0471167e+01
   2.6226000e+01   2.9837167e+01
   3.0646222e+01   3.1182000e+01
   3.0152889e+01   6.2978333e+01
   3.8881333e+01   6.5699833e+01
   3.4647778e+01   6.2745833e+01
   3.2051778e+01   6.3884167e+01
   3.5196222e+01   6.5076500e+01
   4.4149778e+01   6.3141333e+01
   4.6476222e+01   6.4042667e+01
   4.2648222e+01   6.5291167e+01
   3.8630444e+01   6.3293833e+01
   4.9542889e+01   6.3285333e+01
   3.8472222e+01   6.1547333e+01
   3.6200444e+01   5.9728167e+01
   3.2567778e+01   6.1381667e+01
   3.4646222e+01   6.1805833e+01
   4.0566000e+01   5.9810667e+01
   4.5540889e+01   6.1193333e+01
   4.3960222e+01   6.1847000e+01
   3.8398889e+01   5.9995333e+01
   3.7308222e+01   3.8731167e+01
   3.3800000e+01   4.7337833e+01
   3.5691111e+01   5.3095667e+01
   3.8673556e+01   5.2495833e+01
   4.4338667e+01   3.8743500e+01
   4.5624667e+01   4.7190000e+01
   4.3455556e+01   5.3286500e+01
   3.2216889e+01   5.1312333e+01
   4.8032667e+01   5.1814667e+01
   3.8424222e+01   4.8016667e+01
   5.7602000e+01   4.0274000e+01
   5.7215556e+01   3.8600667e+01
   5.0704444e+01   3.9168333e+01
   5.3572000e+01   3.9660167e+01
   6.0416889e+01   3.9590167e+01
   5.8495111e+01   3.8127167e+01
   6.2334667e+01   3.8800333e+01
   5.7420667e+01   3.7118500e+01
   5.4098889e+01   3.7555833e+01
   6.0182444e+01   3.7404833e+01
   4.9458667e+01   3.3441833e+01
   5.3609778e+01   3.3026833e+01
   5.7870889e+01   3.3057833e+01
   6.1826889e+01   3.3404833e+01
   6.5039778e+01   3.4328667e+01
   5.3404667e+01   3.1161667e+01
   5.8058222e+01   3.0127667e+01
   6.3031111e+01   3.1348667e+01
