   5.1320419e+01   6.1335333e+01
   3.0540636e+01   3.3912333e+01
   3.0951598e+01   3.8005667e+01
   3.1610718e+01   4.1747667e+01
   3.2394126e+01   4.5605833e+01
   3.3406332e+01   4.9305833e+01
   3.5737612e+01   5.2474167e+01
   3.8420311e+01   5.5568833e+01
   4.2012996e+01   5.8090000e+01
   4.5952105e+01   6.0393333e+01
   7.2634201e+01   3.4494000e+01
   7.2717060e+01   3.8635833e+01
   7.2031916e+01   4.2688833e+01
   7.1030119e+01   4.6363167e+01
   6.9524094e+01   5.0556833e+01
   6.7066861e+01   5.3982833e+01
   6.4157029e+01   5.6709667e+01
   6.0552269e+01   5.9154167e+01
   5.6469719e+01   6.0637667e+01
   4.1907029e+01   3.5126333e+01
   4.2019867e+01   3.3773667e+01
   3.7694987e+01   3.3971000e+01
   3.9356529e+01   3.4796833e+01
   4.4180641e+01   3.4854500e+01
   4.2047347e+01   3.3629833e+01
   4.6548145e+01   3.4622833e+01
   4.2285513e+01   3.2253833e+01
   3.9830987e+01   3.2798000e+01
   4.4557876e+01   3.2812833e+01
   3.4453305e+01   2.9373167e+01
   3.7846131e+01   2.9198500e+01
   4.1150269e+01   2.9352833e+01
   4.4234770e+01   2.9732833e+01
   4.8016905e+01   2.9632333e+01
   3.7734543e+01   2.7667500e+01
   4.1028688e+01   2.7505833e+01
   4.4356143e+01   2.8222500e+01
   4.2534297e+01   4.9265667e+01
   5.0483090e+01   5.3797667e+01
   4.6918094e+01   5.0244500e+01
   4.5043993e+01   5.0940333e+01
   4.7336133e+01   5.2759333e+01
   5.5751474e+01   5.0576500e+01
   5.7786919e+01   5.1853000e+01
   5.4547319e+01   5.3479667e+01
   5.1175104e+01   5.0866500e+01
   6.0206678e+01   4.9720167e+01
   5.1033120e+01   5.0670000e+01
   4.8995593e+01   4.8685333e+01
   4.5547806e+01   4.8966167e+01
   4.6846894e+01   5.0040833e+01
   5.3194936e+01   4.8824500e+01
   5.6773464e+01   4.9144833e+01
   5.5579719e+01   5.0403500e+01
   5.1147207e+01   4.9006167e+01
   4.8836122e+01   3.4137000e+01
   4.7117953e+01   4.0798833e+01
   4.8542161e+01   4.4951833e+01
   5.1409731e+01   4.5259167e+01
   5.4349750e+01   3.4259667e+01
   5.5600954e+01   4.0712333e+01
   5.4359743e+01   4.5066500e+01
   4.5873827e+01   4.3783000e+01
   5.7117181e+01   4.4126833e+01
   5.1589605e+01   4.2591000e+01
   6.1456426e+01   3.5349167e+01
   6.1474330e+01   3.3994833e+01
   5.6542168e+01   3.4739833e+01
   5.8802040e+01   3.4944500e+01
   6.4179513e+01   3.5010667e+01
   6.1674189e+01   3.3665167e+01
   6.5881443e+01   3.4485667e+01
   6.1431443e+01   3.2501000e+01
   5.9034585e+01   3.3061167e+01
   6.3941556e+01   3.3102333e+01
   5.6006295e+01   2.9487500e+01
   5.9775939e+01   3.0013000e+01
   6.3321158e+01   2.9570000e+01
   6.6477275e+01   2.9480667e+01
   6.9367537e+01   3.0727500e+01
   5.9824863e+01   2.7778167e+01
   6.3455022e+01   2.7464833e+01
   6.7231745e+01   2.8428833e+01
