   4.3581895e+01   6.0072167e+01
   2.8043640e+01   3.2434833e+01
   2.8203736e+01   3.6082167e+01
   2.8342596e+01   3.9475000e+01
   2.9140161e+01   4.3142167e+01
   3.0027871e+01   4.6350167e+01
   3.1427930e+01   4.9457667e+01
   3.3742138e+01   5.2922000e+01
   3.6519563e+01   5.5687500e+01
   3.9581995e+01   5.8205167e+01
   6.9604037e+01   3.4254833e+01
   6.9105013e+01   3.8551167e+01
   6.8590166e+01   4.2786667e+01
   6.7547565e+01   4.6484000e+01
   6.5603305e+01   5.0331167e+01
   6.2404926e+01   5.3715500e+01
   5.8516615e+01   5.6164500e+01
   5.3843647e+01   5.8381167e+01
   4.9203156e+01   5.9665000e+01
   3.5087860e+01   3.4316000e+01
   3.5341640e+01   3.2844333e+01
   3.1536812e+01   3.2724333e+01
   3.2951860e+01   3.3671333e+01
   3.7384580e+01   3.3971000e+01
   3.6770428e+01   3.2694833e+01
   4.0016274e+01   3.3710333e+01
   3.5431993e+01   3.1430333e+01
   3.3347207e+01   3.1772667e+01
   3.7846131e+01   3.1904500e+01
   2.9859448e+01   2.8310167e+01
   3.1555340e+01   2.8136833e+01
   3.4860936e+01   2.8815167e+01
   3.7895680e+01   2.9031667e+01
   4.0754713e+01   2.9100500e+01
   3.1733549e+01   2.6989167e+01
   3.5143029e+01   2.7382000e+01
   3.7866117e+01   2.7820500e+01
   3.6228725e+01   4.8400000e+01
   4.1982601e+01   5.2706833e+01
   3.9319055e+01   4.9281167e+01
   3.8100744e+01   5.0036667e+01
   3.9501427e+01   5.1662167e+01
   4.6942243e+01   4.9931000e+01
   4.9390108e+01   5.0985667e+01
   4.5733717e+01   5.2577167e+01
   4.2466012e+01   5.0012333e+01
   5.2530194e+01   4.9235000e+01
   4.2198075e+01   4.9856000e+01
   3.9992540e+01   4.7939667e+01
   3.7776596e+01   4.8078833e+01
   3.9890320e+01   4.9170000e+01
   4.4196463e+01   4.8060167e+01
   4.7791855e+01   4.8687667e+01
   4.6854596e+01   4.9700833e+01
   4.2340267e+01   4.8293500e+01
   4.1717579e+01   3.3360000e+01
   3.8631829e+01   3.9947667e+01
   3.9923006e+01   4.3882833e+01
   4.2110844e+01   4.4003500e+01
   4.6322887e+01   3.3569833e+01
   4.6963687e+01   3.9556333e+01
   4.5044618e+01   4.4053667e+01
   3.7801163e+01   4.2741000e+01
   4.8388311e+01   4.3390000e+01
   4.1337221e+01   4.0910833e+01
   5.3884660e+01   3.4982833e+01
   5.3935041e+01   3.3598167e+01
   4.8697469e+01   3.3825667e+01
   5.1052690e+01   3.4408667e+01
   5.6632105e+01   3.4726333e+01
   5.5004498e+01   3.3267000e+01
   5.8800999e+01   3.4123500e+01
   5.4019565e+01   3.2222833e+01
   5.1460112e+01   3.2445667e+01
   5.6561113e+01   3.2802500e+01
   4.8041471e+01   2.9213000e+01
   5.1757404e+01   2.9248500e+01
   5.5195614e+01   2.8925667e+01
   5.9078929e+01   2.8955000e+01
   6.2086400e+01   3.0088500e+01
   5.1514241e+01   2.7390000e+01
   5.5250367e+01   2.6838500e+01
   5.9512999e+01   2.7800833e+01
