   4.8268604e+01   6.6126000e+01
   3.1209542e+01   3.4788500e+01
   3.0897885e+01   3.9421333e+01
   3.0615584e+01   4.3493833e+01
   3.0965754e+01   4.7666000e+01
   3.1775394e+01   5.1384500e+01
   3.3631591e+01   5.5044833e+01
   3.6291806e+01   5.8954833e+01
   3.9750627e+01   6.2233000e+01
   4.3184049e+01   6.4842667e+01
   7.4695462e+01   3.6677000e+01
   7.4225792e+01   4.1689333e+01
   7.3589988e+01   4.6534667e+01
   7.2421226e+01   5.0941167e+01
   6.9793488e+01   5.5237000e+01
   6.6562632e+01   5.9103333e+01
   6.2932056e+01   6.1952000e+01
   5.8300309e+01   6.4352833e+01
   5.3692711e+01   6.5746500e+01
   4.0313357e+01   3.6421667e+01
   4.0333967e+01   3.4811167e+01
   3.6525184e+01   3.4753500e+01
   3.7865076e+01   3.5630167e+01
   4.2668370e+01   3.6170167e+01
   4.1663034e+01   3.4742000e+01
   4.4766271e+01   3.5798500e+01
   4.0462835e+01   3.3232667e+01
   3.8105116e+01   3.3529667e+01
   4.2588634e+01   3.3883000e+01
   3.3987591e+01   2.9754167e+01
   3.6746695e+01   2.9529333e+01
   3.9197057e+01   2.9908833e+01
   4.2231385e+01   3.0274833e+01
   4.5492220e+01   3.0250000e+01
   3.6520395e+01   2.7926833e+01
   3.9163539e+01   2.8097000e+01
   4.2228262e+01   2.8857667e+01
   4.2032566e+01   5.2560500e+01
   4.7410664e+01   5.7158500e+01
   4.4771684e+01   5.4101000e+01
   4.3383492e+01   5.4602167e+01
   4.4821025e+01   5.6337667e+01
   5.2242896e+01   5.4569833e+01
   5.4687013e+01   5.5648167e+01
   5.1248594e+01   5.7061167e+01
   4.7466875e+01   5.4657167e+01
   5.7158402e+01   5.3502667e+01
   4.7059661e+01   5.3934833e+01
   4.6701787e+01   5.2283500e+01
   4.4018047e+01   5.2782167e+01
   4.5515537e+01   5.3524833e+01
   4.7938419e+01   5.2459333e+01
   5.2010143e+01   5.2836167e+01
   5.1984327e+01   5.3985333e+01
   4.7183324e+01   5.2536000e+01
   4.7303032e+01   3.5294500e+01
   4.2435200e+01   4.2081667e+01
   4.4031995e+01   4.7310667e+01
   4.6555223e+01   4.7214833e+01
   5.0145827e+01   3.5614167e+01
   5.0916327e+01   4.2150333e+01
   5.0096070e+01   4.7458833e+01
   4.1840826e+01   4.6102167e+01
   5.2883696e+01   4.6539167e+01
   4.5015888e+01   4.3456333e+01
   5.8541806e+01   3.7643667e+01
   5.8572409e+01   3.5814000e+01
   5.3139142e+01   3.6056167e+01
   5.5408798e+01   3.6693000e+01
   6.1321312e+01   3.6978167e+01
   5.9634788e+01   3.5841000e+01
   6.3581392e+01   3.6364833e+01
   5.8779764e+01   3.4341333e+01
   5.6008168e+01   3.4329167e+01
   6.1374816e+01   3.4898500e+01
   5.2088837e+01   3.0450333e+01
   5.6105600e+01   3.0545500e+01
   6.0504594e+01   3.0517500e+01
   6.3611787e+01   3.0627000e+01
   6.6810791e+01   3.1981500e+01
   5.6525513e+01   2.8942333e+01
   6.0259974e+01   2.8371667e+01
   6.4625242e+01   2.9076500e+01
